+---------------------+--------------------+--------------------+---------------------+--------------------+--------------------+--------------------+--------------------+--------------------+--------------------+--------------------+--------------------+--------------------+--------------------+
|          $          |    atis_flight     |    atis_airfare    | atis_ground_service |     atis_meal      |    atis_airport    |    atis_airline    |     atis_city      |  atis_ground_fare  | atis_abbreviation  |   atis_distance    |   atis_aircraft    |   atis_capacity    |   atis_flight_no   |
+---------------------+--------------------+--------------------+---------------------+--------------------+--------------------+--------------------+--------------------+--------------------+--------------------+--------------------+--------------------+--------------------+--------------------+
|     atis_flight     |        0.0         | 1.6323215667144486 |  1.545515478236161  | 2.0262949010208313 | 2.0124050312698682 | 1.5632483601861205 | 2.396912223332606  | 1.9858602194948072 | 3.739088312008622  | 2.2568352136825753 | 1.877840973913684  | 3.098710327517029  | 1.547247907284854  |
|     atis_airfare    | 1.6323215667144486 |        0.0         |  1.729418693337109  | 1.873983160715846  |  2.70426554822096  | 1.9698336516595898 | 2.567637177946681  | 1.8979427977465761 | 3.3427652489487083 | 2.4982181805158556 | 2.000658387552802  | 2.678355044406851  | 2.001375658164856  |
| atis_ground_service | 1.545515478236161  | 1.729418693337109  |         0.0         | 1.9961180162709182 | 2.254946821502307  | 1.7190798084365804 | 2.244880705963774  | 1.6068415404012177 | 3.449843518866863  | 1.9697430376675886 | 2.0251080388430847 | 2.6360533479375037 | 2.1223271363306746 |
|      atis_meal      | 2.0262949010208313 | 1.873983160715846  |  1.9961180162709182 |        0.0         | 2.8691142337887876 | 1.908907699114313  | 2.638515408790066  | 1.8865194135055843 | 3.506897347890241  | 2.610600190060509  | 2.098564308552082  | 2.7800827056319695 | 2.1545891797845687 |
|     atis_airport    | 2.0124050312698682 |  2.70426554822096  |  2.254946821502307  | 2.8691142337887876 |        0.0         | 2.4014295346070864 | 2.2748409136061323 | 2.2692411307438953 | 4.1638224080077055 | 2.0105757183324036 | 2.4916721428300517 | 3.4620078681168702 | 2.402268595828133  |
|     atis_airline    | 1.5632483601861205 | 1.9698336516595898 |  1.7190798084365804 | 1.908907699114313  | 2.4014295346070864 |        0.0         | 2.452403949430531  | 1.8743105935450348 | 3.209349001493854  | 2.495886892910327  | 1.6732734143173187 | 2.5840984608432174 | 1.8065575934076947 |
|      atis_city      | 2.396912223332606  | 2.567637177946681  |  2.244880705963774  | 2.638515408790066  | 2.2748409136061323 | 2.452403949430531  |        0.0         | 2.3536095210974874 | 3.5226263778842046 | 1.9972910551925087 | 2.4568107031975335 | 3.235147789840772  | 2.7557113672198836 |
|   atis_ground_fare  | 1.9858602194948072 | 1.8979427977465761 |  1.6068415404012177 | 1.8865194135055843 | 2.2692411307438953 | 1.8743105935450348 | 2.3536095210974874 |        0.0         | 3.459777687483733  | 2.113171465164467  | 2.076998290571318  |  2.63737045686787  | 2.266894610248068  |
|  atis_abbreviation  | 3.739088312008622  | 3.3427652489487083 |  3.449843518866863  | 3.506897347890241  | 4.1638224080077055 | 3.209349001493854  | 3.5226263778842046 | 3.459777687483733  |        0.0         | 3.9359104705076056 | 2.9731587741462215 | 3.0768985878197763 | 3.985525880906744  |
|    atis_distance    | 2.2568352136825753 | 2.4982181805158556 |  1.9697430376675886 | 2.610600190060509  | 2.0105757183324036 | 2.495886892910327  | 1.9972910551925087 | 2.113171465164467  | 3.9359104705076056 |        0.0         | 2.5002008988396667 | 3.241651404798702  |  2.48965038217622  |
|    atis_aircraft    | 1.877840973913684  | 2.000658387552802  |  2.0251080388430847 | 2.098564308552082  | 2.4916721428300517 | 1.6732734143173187 | 2.4568107031975335 | 2.076998290571318  | 2.9731587741462215 | 2.5002008988396667 |        0.0         | 2.155608144055253  | 2.028714540877113  |
|    atis_capacity    | 3.098710327517029  | 2.678355044406851  |  2.6360533479375037 | 2.7800827056319695 | 3.4620078681168702 | 2.5840984608432174 | 3.235147789840772  |  2.63737045686787  | 3.0768985878197763 | 3.241651404798702  | 2.155608144055253  |        0.0         | 3.067295644570876  |
|    atis_flight_no   | 1.547247907284854  | 2.001375658164856  |  2.1223271363306746 | 2.1545891797845687 | 2.402268595828133  | 1.8065575934076947 | 2.7557113672198836 | 2.266894610248068  | 3.985525880906744  |  2.48965038217622  | 2.028714540877113  | 3.067295644570876  |        0.0         |
+---------------------+--------------------+--------------------+---------------------+--------------------+--------------------+--------------------+--------------------+--------------------+--------------------+--------------------+--------------------+--------------------+--------------------+