+---------------------+--------------------+--------------------+---------------------+--------------------+--------------------+--------------------+--------------------+--------------------+--------------------+--------------------+--------------------+-------------------+--------------------+
|          $          |    atis_flight     |    atis_airfare    | atis_ground_service |     atis_meal      |    atis_airport    |    atis_airline    |     atis_city      |  atis_ground_fare  | atis_abbreviation  |   atis_distance    |   atis_aircraft    |   atis_capacity   |   atis_flight_no   |
+---------------------+--------------------+--------------------+---------------------+--------------------+--------------------+--------------------+--------------------+--------------------+--------------------+--------------------+--------------------+-------------------+--------------------+
|     atis_flight     |        0.0         | 2.8600753558880405 |  3.000149142025469  | 2.635276706741908  |  3.68102797637873  | 2.8842494542291766 | 3.2050326660110318 | 3.954085797003825  |  4.44425172113002  | 4.435373216915686  | 3.9025803235865966 | 5.850583294320011 | 2.4929068922747954 |
|     atis_airfare    | 2.8600753558880405 |        0.0         |  3.8624021735261036 | 3.3492945663418174 | 4.657117591232388  | 3.6775273553656196 | 4.231045885716025  | 4.155774185508533  |  4.71798667279971  | 5.022485924762082  | 4.190220538788834  | 5.524452688048262 | 3.062607367926407  |
| atis_ground_service | 3.000149142025469  | 3.8624021735261036 |         0.0         | 3.1938252342433673 | 3.010307405167609  | 3.2312533183845744 | 3.673773926963001  | 2.663026324838168  |  4.3917121778487   | 2.894535581837401  | 3.9752779092419366 | 5.530135505339885 | 3.937119622656429  |
|      atis_meal      | 2.635276706741908  | 3.3492945663418174 |  3.1938252342433673 |        0.0         | 4.1482142776729445 | 2.916414189381641  | 3.397519911292306  | 3.5095647221532134 | 4.233098952387612  | 4.525392401686455  | 3.4415447361244835 |  5.04743825003328 | 3.245768938393873  |
|     atis_airport    |  3.68102797637873  | 4.657117591232388  |  3.010307405167609  | 4.1482142776729445 |        0.0         | 3.713895362634072  |  3.39730383764101  | 3.985924311019379  | 4.834874633426864  | 3.4442493006358563 | 4.611247019885957  | 6.142794408499233 | 4.334209382072546  |
|     atis_airline    | 2.8842494542291766 | 3.6775273553656196 |  3.2312533183845744 | 2.916414189381641  | 3.713895362634072  |        0.0         | 2.568012686418473  | 3.7876949940713054 | 3.2504504607298603 | 4.347850841928497  | 3.5371393409263554 | 5.088579610901983 | 3.4093073138400984 |
|      atis_city      | 3.2050326660110318 | 4.231045885716025  |  3.673773926963001  | 3.397519911292306  |  3.39730383764101  | 2.568012686418473  |        0.0         | 4.307322392286705  | 3.8147106430587354 | 4.391655620674849  | 4.079354000285305  | 5.480858932512184 | 3.707942237751395  |
|   atis_ground_fare  | 3.954085797003825  | 4.155774185508533  |  2.663026324838168  | 3.5095647221532134 | 3.985924311019379  | 3.7876949940713054 | 4.307322392286705  |        0.0         | 4.347847108384885  | 3.761438526284061  | 4.151347043949346  | 5.079685936532398 | 4.562956495706559  |
|  atis_abbreviation  |  4.44425172113002  |  4.71798667279971  |   4.3917121778487   | 4.233098952387612  | 4.834874633426864  | 3.2504504607298603 | 3.8147106430587354 | 4.347847108384885  |        0.0         | 5.0724354342178275 | 4.549290464016762  | 5.372202991902886 | 4.864080134789275  |
|    atis_distance    | 4.435373216915686  | 5.022485924762082  |  2.894535581837401  | 4.525392401686455  | 3.4442493006358563 | 4.347850841928497  | 4.391655620674849  | 3.761438526284061  | 5.0724354342178275 |        0.0         | 4.893099992686753  | 6.094954721362987 | 5.123546345699551  |
|    atis_aircraft    | 3.9025803235865966 | 4.190220538788834  |  3.9752779092419366 | 3.4415447361244835 | 4.611247019885957  | 3.5371393409263554 | 4.079354000285305  | 4.151347043949346  | 4.549290464016762  | 4.893099992686753  |        0.0         | 3.453875484332995 | 3.869526956656121  |
|    atis_capacity    | 5.850583294320011  | 5.524452688048262  |  5.530135505339885  |  5.04743825003328  | 6.142794408499233  | 5.088579610901983  | 5.480858932512184  | 5.079685936532398  | 5.372202991902886  | 6.094954721362987  | 3.453875484332995  |        0.0        | 5.666366553618651  |
|    atis_flight_no   | 2.4929068922747954 | 3.062607367926407  |  3.937119622656429  | 3.245768938393873  | 4.334209382072546  | 3.4093073138400984 | 3.707942237751395  | 4.562956495706559  | 4.864080134789275  | 5.123546345699551  | 3.869526956656121  | 5.666366553618651 |        0.0         |
+---------------------+--------------------+--------------------+---------------------+--------------------+--------------------+--------------------+--------------------+--------------------+--------------------+--------------------+--------------------+-------------------+--------------------+